trans-mfcc=236.05999999999995
trans-pitch=-708.1811535985953
state-pitch=-55.728534644592685
state-duration=708.1978382
