trans-mfcc=-651.955934183324
trans-pitch=-555.6395625690126
state-pitch=323.5756754642863
state-duration=-612.1020655534585
