trans-mfcc=527.8476385537363
trans-pitch=-236.41292207318574
state-pitch=983.7379134159742
state-duration=-61.93943867507794
